[gd_scene load_steps=4 format=2]

[ext_resource path="res://assets/models/PlaceholderTree.cs" type="Script" id=1]

[sub_resource type="CylinderShape" id=1]
height = 21.1983
radius = 1.60744

[sub_resource type="SpatialMaterial" id=2]
albedo_color = Color( 0.341176, 0.176471, 0, 1 )

[node name="PlaceholderTree" type="StaticBody"]
script = ExtResource( 1 )

[node name="CollisionShape" type="CollisionShape" parent="."]
transform = Transform( 1, 0, 0, 0, 1, 0, 0, 0, 1, 0, 10.5167, 0 )
shape = SubResource( 1 )

[node name="CSGCylinder" type="CSGCylinder" parent="."]
transform = Transform( 1, 0, 0, 0, 1, 0, 0, 0, 1, 0, 10.057, 0 )
radius = 1.61658
height = 20.4572
sides = 16
material = SubResource( 2 )

[node name="CSGCylinder2" type="CSGCylinder" parent="."]
transform = Transform( 1, 0, 0, 0, 0.837433, 0.54654, 0, -0.54654, 0.837433, 0, 22.516, -2.42317 )
radius = 0.533114
height = 6.95952
sides = 16
material = SubResource( 2 )

[node name="CSGCylinder6" type="CSGCylinder" parent="."]
transform = Transform( 0.994439, 0.105101, 0.0066234, -5.49842e-09, -0.0628946, 0.99802, 0.105309, -0.992471, -0.0625449, -0.0469682, 20.3715, 2.80081 )
radius = 0.572713
height = 7.45644
sides = 16
material = SubResource( 2 )

[node name="CSGCylinder5" type="CSGCylinder" parent="."]
transform = Transform( 0.727449, -0.375015, 0.574614, 0, 0.837433, 0.54654, -0.686161, -0.397581, 0.60919, -0.993814, 21.3039, -0.186257 )
radius = 0.702214
height = 5.13795
sides = 16
material = SubResource( 2 )

[node name="CSGCylinder3" type="CSGCylinder" parent="."]
transform = Transform( 1, 0, 0, 0, 0.998116, -0.0613622, 0, 0.0613622, 0.998116, 0, 21.1552, 0.254766 )
radius = 1.02435
height = 3.61481
sides = 16
material = SubResource( 2 )

[node name="CSGCylinder4" type="CSGCylinder" parent="."]
transform = Transform( 1, 0, 0, 0, 0.998116, -0.0613622, 0, 0.0613622, 0.998116, 0, 23.9897, 0.399383 )
radius = 0.285347
height = 2.32472
sides = 16
material = SubResource( 2 )

[node name="CSGCylinder7" type="CSGCylinder" parent="."]
transform = Transform( 0.986672, 0.162347, -0.0110592, 0, 0.067963, 0.997688, 0.162723, -0.98439, 0.0670572, 0.0735178, 23.7647, -4.57666 )
radius = 0.204268
height = 3.23808
sides = 16
material = SubResource( 2 )
