[gd_scene load_steps=2 format=2]

[sub_resource type="BoxShape" id=1]
extents = Vector3( 8.1752, 1, 0.0541948 )

[node name="StructureScaffolding" type="StaticBody"]

[node name="CollisionShape" type="CollisionShape" parent="."]
transform = Transform( 1, 0, 0, 0, 1, 0, 0, 0, 1, 0, 0.979358, 8.00667 )
shape = SubResource( 1 )

[node name="CollisionShape2" type="CollisionShape" parent="."]
transform = Transform( 1, 0, 0, 0, 1, 0, 0, 0, 1, 0, 0.979358, -8.14723 )
shape = SubResource( 1 )

[node name="CollisionShape3" type="CollisionShape" parent="."]
transform = Transform( -4.37114e-08, 0, -1, 0, 1, 0, 1, 0, -4.37114e-08, -8.04004, 0.979358, -0.0756016 )
shape = SubResource( 1 )

[node name="CollisionShape4" type="CollisionShape" parent="."]
transform = Transform( -4.37114e-08, 0, -1, 0, 1, 0, 1, 0, -4.37114e-08, 8.15957, 0.979358, -0.0756016 )
shape = SubResource( 1 )

[node name="CSGCylinder" type="CSGCylinder" parent="."]
transform = Transform( 1, 0, 0, 0, 1, 0, 0, 0, 1, -8.01138, 1.02796, 8.13715 )
radius = 0.327036
height = 2.25912
sides = 12

[node name="CSGCylinder2" type="CSGCylinder" parent="."]
transform = Transform( 1, 0, 0, 0, 1, 0, 0, 0, 1, 8.07542, 1.02796, 8.13715 )
radius = 0.327036
height = 2.25912
sides = 12

[node name="CSGCylinder3" type="CSGCylinder" parent="."]
transform = Transform( 1, 0, 0, 0, 1, 0, 0, 0, 1, 8.07542, 1.02796, -7.81413 )
radius = 0.327036
height = 2.25912
sides = 12

[node name="CSGCylinder4" type="CSGCylinder" parent="."]
transform = Transform( 1, 0, 0, 0, 1, 0, 0, 0, 1, -7.85475, 1.02796, -7.81413 )
radius = 0.327036
height = 2.25912
sides = 12

[node name="CSGBox" type="CSGBox" parent="."]
transform = Transform( 1, 0, 0, 0, 1, 0, 0, 0, 1, 0, 0, 8.07978 )
width = 15.8629
height = 0.181296
depth = 0.257234

[node name="CSGBox8" type="CSGBox" parent="."]
transform = Transform( 0.999893, -0.0081506, 0.0121119, 0.00815, 0.999967, 9.87224e-05, -0.0121123, 0, 0.999927, 0, 1.89601, 8.07978 )
width = 15.8629
height = 0.181296
depth = 0.257234

[node name="CSGBox2" type="CSGBox" parent="."]
transform = Transform( 1, 0, 0, 0, 1, 0, 0, 0, 1, 0, 0, -8.01914 )
width = 15.8629
height = 0.181296
depth = 0.257234

[node name="CSGBox7" type="CSGBox" parent="."]
transform = Transform( 0.999502, -0.0219196, -0.0227168, 0.0219139, 0.99976, -0.000498062, 0.0227222, 0, 0.999742, 0, 1.71124, -8.01914 )
width = 15.8629
height = 0.181296
depth = 0.257234

[node name="CSGBox3" type="CSGBox" parent="."]
transform = Transform( -4.37114e-08, 0, -1, 0, 1, 0, 1, 0, -4.37114e-08, -7.97362, 0, 0.0222807 )
width = 15.8629
height = 0.181296
depth = 0.257234

[node name="CSGBox6" type="CSGBox" parent="."]
transform = Transform( -4.37114e-08, 0, -1, 0, 1, 0, 1, 0, -4.37114e-08, -7.97362, 1.7819, 0.0222807 )
width = 15.8629
height = 0.181296
depth = 0.257234

[node name="CSGBox4" type="CSGBox" parent="."]
transform = Transform( -4.37114e-08, 0, -1, 0, 1, 0, 1, 0, -4.37114e-08, 8.17427, 0, 0.0222807 )
width = 15.8629
height = 0.181296
depth = 0.257234

[node name="CSGBox5" type="CSGBox" parent="."]
transform = Transform( -4.37114e-08, 0, -1, 0.0546539, 0.998505, -2.389e-09, 0.998505, -0.0546539, -4.36461e-08, 8.17427, 1.43009, 0.0222807 )
width = 15.8629
height = 0.181296
depth = 0.257234
