[gd_scene load_steps=13 format=3 uid="uid://d0oask120g800"]

[ext_resource type="ArrayMesh" uid="uid://ckxqcwb4pey4d" path="res://assets/models/organelles/CiliaStrand3.mesh" id="1"]
[ext_resource type="Shader" path="res://shaders/OrganelleTransparent.gdshader" id="2"]
[ext_resource type="Texture2D" uid="uid://dpu27qlhym5wd" path="res://assets/textures/cilia.png" id="3"]
[ext_resource type="Texture2D" uid="uid://baxuoyeo83r2u" path="res://assets/textures/dissolve_noise.tres" id="4"]
[ext_resource type="ArrayMesh" uid="uid://yvlxbvea4tx6" path="res://assets/models/organelles/CiliaStrand2.mesh" id="5"]
[ext_resource type="ArrayMesh" uid="uid://dw47lw04iq3ll" path="res://assets/models/organelles/CiliaStrand1.mesh" id="6"]
[ext_resource type="Animation" path="res://assets/models/organelles/Cilia.anim" id="7"]

[sub_resource type="ShaderMaterial" id="10"]
resource_local_to_scene = true
render_priority = 0
shader = ExtResource("2")
shader_parameter/dissolveValue = 0.0
shader_parameter/fresnelValue = 1.0
shader_parameter/fresnelActive = false
shader_parameter/outlineWidth = null
shader_parameter/growColor = null
shader_parameter/tint = Color(1, 1, 1, 1)
shader_parameter/jiggleAmount = 0.0005
shader_parameter/texture = ExtResource("3")
shader_parameter/dissolveTexture = ExtResource("4")

[sub_resource type="Skin" id="2"]
resource_name = "Skin"
bind_count = 8
bind/0/name = &"Bone"
bind/0/bone = -1
bind/0/pose = Transform3D(-0.0556625, -2.32865e-07, 0.998449, 0.99845, -1.06259e-07, 0.0556626, 8.7778e-08, 1, 2.32489e-07, 0.202549, 0.38962, -0.340916)
bind/1/name = &"Bone.004"
bind/1/bone = -1
bind/1/pose = Transform3D(-0.0556625, -2.1406e-07, 0.998449, 0.99845, -1.13247e-07, 0.0556626, 9.58019e-08, 1, 2.14102e-07, 0.202549, -0.430091, -0.340916)
bind/2/name = &"Bone.001"
bind/2/bone = -1
bind/2/pose = Transform3D(0.189675, -1.84249e-07, 0.981847, 0.981847, 8.3156e-08, -0.189675, -5.20533e-08, 1, 1.90748e-07, -0.108568, -1.26145, -0.340916)
bind/3/name = &"Bone.005"
bind/3/bone = -1
bind/3/pose = Transform3D(0.189675, -2.28141e-07, 0.981847, 0.981847, 8.31561e-08, -0.189675, -4.37281e-08, 1, 2.33843e-07, -0.108568, -1.88841, -0.340916)
bind/4/name = &"Bone.002"
bind/4/bone = -1
bind/4/pose = Transform3D(0.227884, -1.49012e-07, 0.973688, 0.97057, 0.0799594, -0.227155, -0.0778555, 0.996798, 0.0182216, -0.206744, -2.52843, -0.13919)
bind/5/name = &"Bone.006"
bind/5/bone = -1
bind/5/pose = Transform3D(0.227884, -2.58908e-07, 0.973688, 0.97057, 0.0799594, -0.227155, -0.0778554, 0.996798, 0.0182217, -0.206744, -3.20592, -0.13919)
bind/6/name = &"Bone.003"
bind/6/bone = -1
bind/6/pose = Transform3D(0.0119039, 5.15138e-08, 0.999929, 0.998997, 0.0431772, -0.0118926, -0.0431741, 0.999067, 0.000513912, 0.632948, -3.82905, -0.284197)
bind/7/name = &"Bone.007"
bind/7/bone = -1
bind/7/pose = Transform3D(0.011904, -5.67525e-08, 0.999929, 0.998997, 0.0431772, -0.0118927, -0.0431742, 0.999067, 0.000514026, 0.632947, -4.41724, -0.284197)

[sub_resource type="Skin" id="4"]
resource_name = "Skin2"
bind_count = 8
bind/0/name = &"Bone"
bind/0/bone = -1
bind/0/pose = Transform3D(-0.0556625, -2.39267e-07, 0.99845, 0.99845, -1.25271e-07, 0.0556624, 9.02534e-08, 1, 2.55014e-07, 1.16432, 0.335417, 0.142504)
bind/1/name = &"Bone.004"
bind/1/bone = -1
bind/1/pose = Transform3D(-0.0556625, -2.20462e-07, 0.99845, 0.99845, -1.28534e-07, 0.0556624, 9.45577e-08, 1, 2.36419e-07, 1.16432, -0.341639, 0.142504)
bind/2/name = &"Bone.001"
bind/2/bone = -1
bind/2/pose = Transform3D(0.189675, -1.94189e-07, 0.981847, 0.981847, 6.4439e-08, -0.189675, -4.79419e-08, 1, 2.1203e-07, 0.880526, -1.27203, 0.142504)
bind/3/name = &"Bone.005"
bind/3/bone = -1
bind/3/pose = Transform3D(0.189675, -2.38081e-07, 0.981847, 0.981847, 6.44391e-08, -0.189675, -3.96167e-08, 1, 2.55126e-07, 0.880526, -1.78988, 0.142504)
bind/4/name = &"Bone.002"
bind/4/bone = -1
bind/4/pose = Transform3D(0.227884, -1.52737e-07, 0.973688, 0.970571, 0.0799593, -0.227155, -0.0778555, 0.996798, 0.0182216, 0.789706, -2.32148, 0.329182)
bind/5/name = &"Bone.006"
bind/5/bone = -1
bind/5/pose = Transform3D(0.227884, -2.62633e-07, 0.973688, 0.970571, 0.0799594, -0.227155, -0.0778555, 0.996798, 0.0182218, 0.789706, -2.88106, 0.329182)
bind/6/name = &"Bone.003"
bind/6/bone = -1
bind/6/pose = Transform3D(0.0119038, 4.79631e-08, 0.999929, 0.998997, 0.0431772, -0.0118928, -0.0431741, 0.999067, 0.000513938, 1.51846, -3.19808, 0.191278)
bind/7/name = &"Bone.007"
bind/7/bone = -1
bind/7/pose = Transform3D(0.0119039, -6.00121e-08, 0.999929, 0.998997, 0.0431772, -0.0118929, -0.0431742, 0.999067, 0.000514051, 1.51846, -3.68391, 0.191279)

[sub_resource type="Skin" id="6"]
resource_name = "Skin3"
bind_count = 8
bind/0/name = &"Bone"
bind/0/bone = -1
bind/0/pose = Transform3D(-0.0556625, -2.39267e-07, 0.99845, 0.99845, -1.25271e-07, 0.0556624, 9.02534e-08, 1, 2.55014e-07, -0.764279, 0.29087, 0.448553)
bind/1/name = &"Bone.004"
bind/1/bone = -1
bind/1/pose = Transform3D(-0.0556625, -2.20462e-07, 0.99845, 0.99845, -1.28534e-07, 0.0556624, 9.45577e-08, 1, 2.36419e-07, -0.764279, -0.386186, 0.448553)
bind/2/name = &"Bone.001"
bind/2/bone = -1
bind/2/pose = Transform3D(0.189675, -1.94189e-07, 0.981847, 0.981847, 6.4439e-08, -0.189675, -4.79419e-08, 1, 2.1203e-07, -1.00064, -0.844588, 0.448553)
bind/3/name = &"Bone.005"
bind/3/bone = -1
bind/3/pose = Transform3D(0.189675, -2.38081e-07, 0.981847, 0.981847, 6.44391e-08, -0.189675, -3.96167e-08, 1, 2.55126e-07, -1.00064, -1.36244, 0.448553)
bind/4/name = &"Bone.002"
bind/4/bone = -1
bind/4/pose = Transform3D(0.227884, -1.52737e-07, 0.973688, 0.970571, 0.0799593, -0.227155, -0.0778555, 0.996798, 0.0182216, -1.07333, -1.79801, 0.594223)
bind/5/name = &"Bone.006"
bind/5/bone = -1
bind/5/pose = Transform3D(0.227884, -2.62633e-07, 0.973688, 0.970571, 0.0799594, -0.227155, -0.0778555, 0.996798, 0.0182218, -1.07333, -2.35759, 0.594223)
bind/6/name = &"Bone.003"
bind/6/bone = -1
bind/6/pose = Transform3D(0.0119038, 4.79631e-08, 0.999929, 0.998997, 0.0431772, -0.0118928, -0.0431741, 0.999067, 0.000513938, -0.408745, -3.09913, 0.493336)
bind/7/name = &"Bone.007"
bind/7/bone = -1
bind/7/pose = Transform3D(0.0119039, -6.00121e-08, 0.999929, 0.998997, 0.0431772, -0.0118929, -0.0431742, 0.999067, 0.000514051, -0.408746, -3.58495, 0.493337)

[sub_resource type="AnimationLibrary" id="AnimationLibrary_pa1gp"]
_data = {
"wiggle": ExtResource("7")
}

[node name="Cilia" type="Node3D"]
transform = Transform3D(-2.18557e-08, 0, 0.5, 0, 0.5, 0, -0.5, 0, -2.18557e-08, 0, 0, 0.272819)

[node name="Armature" type="Node3D" parent="."]
transform = Transform3D(1, 0, 0, 0, -1, 3.25841e-07, 0, -3.25841e-07, -1, 0, 0.340916, 0.0558868)

[node name="Skeleton3D" type="Skeleton3D" parent="Armature"]
bones/0/name = "Bone"
bones/0/parent = -1
bones/0/rest = Transform3D(-0.36842, 0.929659, 2.08616e-07, -2.08616e-07, -2.38419e-07, 1, 0.92966, 0.36842, 3.57628e-07, -0.377742, 1.28768e-07, -0.279809)
bones/0/enabled = true
bones/0/position = Vector3(0, 0, 0)
bones/0/rotation = Quaternion(0, 0, 0, 1)
bones/0/scale = Vector3(1, 1, 1)
bones/1/name = "Bone.004"
bones/1/parent = 0
bones/1/rest = Transform3D(0.984037, 0.177966, -2.49667e-08, -0.177966, 0.984037, 8.83167e-08, 4.02855e-08, -8.24637e-08, 1, -2.98023e-08, 0.819712, -1.34628e-14)
bones/1/enabled = true
bones/1/position = Vector3(0, 0, 0)
bones/1/rotation = Quaternion(0, 0, 0, 1)
bones/1/scale = Vector3(1, 1, 1)
bones/2/name = "Bone.001"
bones/2/parent = 1
bones/2/rest = Transform3D(0.998825, 0.0484658, -1.84801e-08, -0.0484658, 0.998825, -2.61777e-09, 1.83315e-08, 3.51035e-09, 1, -2.18657e-08, 0.819712, 2.94662e-15)
bones/2/enabled = true
bones/2/position = Vector3(0, 0, 0)
bones/2/rotation = Quaternion(0, 0, 0, 1)
bones/2/scale = Vector3(1, 1, 1)
bones/3/name = "Bone.005"
bones/3/parent = 2
bones/3/rest = Transform3D(1, -7.45058e-09, 4.3892e-08, 7.45058e-09, 1, -5.02285e-14, -4.3892e-08, 5.05555e-14, 1, -7.82311e-08, 0.626961, 5.70061e-15)
bones/3/enabled = true
bones/3/position = Vector3(0, 0, 0)
bones/3/rotation = Quaternion(0, 0, 0, 1)
bones/3/scale = Vector3(1, 1, 1)
bones/4/name = "Bone.002"
bones/4/parent = 3
bones/4/rest = Transform3D(0.978944, 0.203472, -0.0163221, -0.204126, 0.97581, -0.0782756, 3.08268e-07, 0.0799592, 0.996798, -1.28438e-07, 0.626961, -1.90638e-08)
bones/4/enabled = true
bones/4/position = Vector3(0, 0, 0)
bones/4/rotation = Quaternion(0, 0, 0, 1)
bones/4/scale = Vector3(1, 1, 1)
bones/5/name = "Bone.006"
bones/5/parent = 4
bones/5/rest = Transform3D(0.994413, 0.105219, -0.00844007, -0.105219, 0.994449, 0.000445334, 0.00844007, 0.000445206, 0.999964, -8.2578e-08, 0.677489, -1.58325e-08)
bones/5/enabled = true
bones/5/position = Vector3(0, 0, 0)
bones/5/rotation = Quaternion(0, 0, 0, 1)
bones/5/scale = Vector3(1, 1, 1)
bones/6/name = "Bone.003"
bones/6/parent = 5
bones/6/rest = Transform3D(0.976332, 0.216076, -0.00933857, -0.215585, 0.975751, 0.0378645, 0.0172937, -0.0349551, 0.999239, -3.62278e-07, 0.677489, -4.31924e-09)
bones/6/enabled = true
bones/6/position = Vector3(0, 0, 0)
bones/6/rotation = Quaternion(0, 0, 0, 1)
bones/6/scale = Vector3(1, 1, 1)
bones/7/name = "Bone.007"
bones/7/parent = 6
bones/7/rest = Transform3D(1, -8.76707e-08, 1.13436e-07, 8.76707e-08, 1, -3.04853e-08, -1.13436e-07, 3.04854e-08, 1, 1.07472e-07, 0.588189, 1.50176e-08)
bones/7/enabled = true
bones/7/position = Vector3(0, 0, 0)
bones/7/rotation = Quaternion(0, 0, 0, 1)
bones/7/scale = Vector3(1, 1, 1)

[node name="Cube003" type="MeshInstance3D" parent="Armature/Skeleton3D"]
material_override = SubResource("10")
mesh = ExtResource("6")
skin = SubResource("2")

[node name="Armature001" type="Node3D" parent="."]
transform = Transform3D(0.825969, 0, 0, 0, -0.825969, 2.69135e-07, 0, -2.69135e-07, -0.825969, 0.041915, -0.142504, -0.950073)

[node name="Skeleton2" type="Skeleton3D" parent="Armature001"]
bones/0/name = "Bone"
bones/0/parent = -1
bones/0/rest = Transform3D(0.0586812, 0.998276, 1.19209e-07, -2.08616e-07, 0, 1, 0.998277, -0.0586812, 2.38419e-07, -0.312003, 1.06358e-07, -0.231113)
bones/0/enabled = true
bones/0/position = Vector3(0, 0, 0)
bones/0/rotation = Quaternion(0, 0, 0, 1)
bones/0/scale = Vector3(1, 1, 1)
bones/1/name = "Bone.004"
bones/1/parent = 0
bones/1/rest = Transform3D(0.999779, -0.0210283, -2.0631e-08, 0.0210283, 0.999779, 5.63084e-10, 2.06146e-08, -9.96795e-10, 1, -4.09782e-08, 0.677056, 5.04886e-15)
bones/1/enabled = true
bones/1/position = Vector3(0, 0, 0)
bones/1/rotation = Quaternion(0, 0, 0, 1)
bones/1/scale = Vector3(1, 1, 1)
bones/2/name = "Bone.001"
bones/2/parent = 1
bones/2/rest = Transform3D(0.937733, -0.347356, -4.47767e-08, 0.347356, 0.937733, -1.65472e-07, 9.94662e-08, 1.39615e-07, 1, -3.98163e-08, 0.677056, 6.48608e-15)
bones/2/enabled = true
bones/2/position = Vector3(0, 0, 0)
bones/2/rotation = Quaternion(0, 0, 0, 1)
bones/2/scale = Vector3(1, 1, 1)
bones/3/name = "Bone.005"
bones/3/parent = 2
bones/3/rest = Transform3D(1, 2.98023e-08, 4.3892e-08, -2.98023e-08, 1, -4.06221e-14, -4.3892e-08, 3.9314e-14, 1, -1.86265e-08, 0.51785, 1.4445e-14)
bones/3/enabled = true
bones/3/position = Vector3(0, 0, 0)
bones/3/rotation = Quaternion(0, 0, 0, 1)
bones/3/scale = Vector3(1, 1, 1)
bones/4/name = "Bone.002"
bones/4/parent = 3
bones/4/rest = Transform3D(0.881794, -0.470124, 0.0377114, 0.471634, 0.878971, -0.0705078, 1.50874e-07, 0.0799593, 0.996798, 4.08975e-08, 0.51785, -1.48535e-08)
bones/4/enabled = true
bones/4/position = Vector3(0, 0, 0)
bones/4/rotation = Quaternion(0, 0, 0, 1)
bones/4/scale = Vector3(1, 1, 1)
bones/5/name = "Bone.006"
bones/5/parent = 4
bones/5/rest = Transform3D(1, 1.94031e-08, 1.11071e-07, -1.94031e-08, 1, -2.65427e-08, -1.11071e-07, 2.65427e-08, 1, -9.6241e-08, 0.559584, 7.45057e-09)
bones/5/enabled = true
bones/5/position = Vector3(0, 0, 0)
bones/5/rotation = Quaternion(0, 0, 0, 1)
bones/5/scale = Vector3(1, 1, 1)
bones/6/name = "Bone.003"
bones/6/parent = 5
bones/6/rest = Transform3D(0.976399, 0.215772, -0.0093254, -0.215281, 0.975818, 0.0378618, 0.0172694, -0.0349606, 0.999239, -2.42079e-08, 0.559585, -2.27857e-09)
bones/6/enabled = true
bones/6/position = Vector3(0, 0, 0)
bones/6/rotation = Quaternion(0, 0, 0, 1)
bones/6/scale = Vector3(1, 1, 1)
bones/7/name = "Bone.007"
bones/7/parent = 6
bones/7/rest = Transform3D(1, -1.53474e-07, 1.12437e-07, 1.53474e-07, 1, -1.0833e-08, -1.12437e-07, 1.0833e-08, 1, -1.33282e-08, 0.485826, -2.03728e-10)
bones/7/enabled = true
bones/7/position = Vector3(0, 0, 0)
bones/7/rotation = Quaternion(0, 0, 0, 1)
bones/7/scale = Vector3(1, 1, 1)

[node name="Cube001" type="MeshInstance3D" parent="Armature001/Skeleton2"]
material_override = SubResource("10")
mesh = ExtResource("5")
skin = SubResource("4")

[node name="Armature002" type="Node3D" parent="."]
transform = Transform3D(0.825969, 0, 0, 0, -0.825969, 2.69135e-07, 0, -2.69135e-07, -0.825969, -0.0209575, -0.448553, 0.978017)

[node name="Skeleton3" type="Skeleton3D" parent="Armature002"]
bones/0/name = "Bone"
bones/0/parent = -1
bones/0/rest = Transform3D(-0.103426, 0.994637, 5.96046e-08, -1.78814e-07, 0, 1, 0.994637, 0.103426, 2.38419e-07, -0.312003, 1.06358e-07, -0.231113)
bones/0/enabled = true
bones/0/position = Vector3(0, 0, 0)
bones/0/rotation = Quaternion(0, 0, 0, 1)
bones/0/scale = Vector3(1, 1, 1)
bones/1/name = "Bone.004"
bones/1/parent = 0
bones/1/rest = Transform3D(1, -3.72529e-09, -1.88049e-08, 3.72529e-09, 1, 3.26268e-09, 1.88049e-08, -3.26268e-09, 1, -5.58794e-08, 0.677056, 2.99228e-15)
bones/1/enabled = true
bones/1/position = Vector3(0, 0, 0)
bones/1/rotation = Quaternion(0, 0, 0, 1)
bones/1/scale = Vector3(1, 1, 1)
bones/2/name = "Bone.001"
bones/2/parent = 1
bones/2/rest = Transform3D(0.968017, -0.250884, -1.59759e-08, 0.250884, 0.968017, -1.4464e-07, 5.17529e-08, 1.36006e-07, 1, -3.63934e-08, 0.677057, 3.1428e-14)
bones/2/enabled = true
bones/2/position = Vector3(0, 0, 0)
bones/2/rotation = Quaternion(0, 0, 0, 1)
bones/2/scale = Vector3(1, 1, 1)
bones/3/name = "Bone.005"
bones/3/parent = 2
bones/3/rest = Transform3D(0.963752, 0.266801, 5.38894e-08, -0.266801, 0.963752, 5.2615e-08, -3.78983e-08, -6.50855e-08, 1, -1.86264e-08, 0.51785, 1.4445e-14)
bones/3/enabled = true
bones/3/position = Vector3(0, 0, 0)
bones/3/rotation = Quaternion(0, 0, 0, 1)
bones/3/scale = Vector3(1, 1, 1)
bones/4/name = "Bone.002"
bones/4/parent = 3
bones/4/rest = Transform3D(0.999237, -0.0389383, 0.0031234, 0.0390634, 0.996037, -0.0798982, 8.30041e-08, 0.0799592, 0.996798, -3.77185e-09, 0.51785, -1.48535e-08)
bones/4/enabled = true
bones/4/position = Vector3(0, 0, 0)
bones/4/rotation = Quaternion(0, 0, 0, 1)
bones/4/scale = Vector3(1, 1, 1)
bones/5/name = "Bone.006"
bones/5/parent = 4
bones/5/rest = Transform3D(0.982316, 0.186631, -0.0149707, -0.186631, 0.982429, 0.00140941, 0.0149706, 0.0014095, 0.999887, -9.6241e-08, 0.559585, 7.45058e-09)
bones/5/enabled = true
bones/5/position = Vector3(0, 0, 0)
bones/5/rotation = Quaternion(0, 0, 0, 1)
bones/5/scale = Vector3(1, 1, 1)
bones/6/name = "Bone.003"
bones/6/parent = 5
bones/6/rest = Transform3D(0.976332, 0.216076, -0.00933856, -0.215585, 0.975751, 0.0378645, 0.0172937, -0.0349551, 0.999239, -1.78834e-09, 0.559585, -1.11279e-08)
bones/6/enabled = true
bones/6/position = Vector3(0, 0, 0)
bones/6/rotation = Quaternion(0, 0, 0, 1)
bones/6/scale = Vector3(1, 1, 1)
bones/7/name = "Bone.007"
bones/7/parent = 6
bones/7/rest = Transform3D(1, -1.08771e-07, 1.12437e-07, 1.08771e-07, 1, -1.223e-08, -1.12437e-07, 1.223e-08, 1, 7.60787e-08, 0.485825, -3.92903e-09)
bones/7/enabled = true
bones/7/position = Vector3(0, 0, 0)
bones/7/rotation = Quaternion(0, 0, 0, 1)
bones/7/scale = Vector3(1, 1, 1)

[node name="Cube002" type="MeshInstance3D" parent="Armature002/Skeleton3"]
material_override = SubResource("10")
mesh = ExtResource("1")
skin = SubResource("6")

[node name="AnimationPlayer" type="AnimationPlayer" parent="."]
libraries = {
"": SubResource("AnimationLibrary_pa1gp")
}
autoplay = "wiggle"
